.Random.seed <-
    c(403L, 10L, 626168664L, 2030738950L, 558229473L, 1299641715L,
    -1151541790L, 908153172L, 48635991L, 1189620813L, -2039734300L,
    1405234634L, 1553839157L, -1617784177L, -1564914794L, 2062980928L,
    -2041349629L, 1229004833L, -1987802352L, -775821074L, 1095960729L,
    -689652437L, -1483131878L, 1517840092L, -2107240737L,
    -1914836811L, -1770627508L, -221363550L, 1552009725L, 2059961079L,
    1453073438L, -448401704L, -1505914309L, -1543147559L, 1289663848L,
    1014416534L, -22363631L, 1368964035L, -1373313070L, 421188196L,
    -1356664409L, -832319747L, -324453644L, 430263770L, 165724453L,
    283367487L, 1621104582L, -77599664L, 82280563L, 186078353L,
    998155456L, 141026974L, 1251252841L, -762996069L, 1592367018L,
    389088204L, 244489871L, -1183154491L, -1894189444L, 955849426L,
    667479629L, 2083750663L, 122857198L, -1623309368L, 1773892811L,
    919678249L, 836509048L, 434692774L, -896564031L, -1399433901L,
    1670566402L, 1015810868L, 2106747063L, 1411805357L, -1607242300L,
    1817255402L, 1171046997L, 2073308143L, -640463882L, -1326686944L,
    1759916771L, -521821311L, 1756607984L, -1847374706L, 215217145L,
    846827915L, -1729950278L, -115665732L, -1887303681L, -18127531L,
    -1286670740L, -1965374782L, -1060420323L, 788855703L, 1392619262L,
    -187364168L, 145841819L, -105378567L, -159125944L, -1144747658L,
    -1220513615L, 1130767587L, 905720754L, 1706347524L, -771469497L,
    -1284602339L, -1359209324L, -1984246726L, -1000413563L, 18945887L,
    827979750L, -792348048L, -1747841645L, 1516730929L, 1464711392L,
    -876949122L, 452989961L, 1697387579L, -978912758L, -381615636L,
    1710610031L, -807183963L, -496672420L, 831388978L, -534649811L,
    -221193497L, -1367568370L, -365354520L, -445389845L, -432145271L,
    -608131048L, 1195546438L, 822625697L, 781605939L, 1951609250L,
    -862624620L, -1887268073L, -1672307443L, -1856660444L,
    1521855498L, -1663266443L, 526723279L, -811758634L, 1389560704L,
    1558108099L, -855768735L, 948553680L, 1780371246L, 15790809L,
    -516402965L, 1412186458L, 801843996L, -87646689L, -895949195L,
    669881100L, 617975522L, -1252580419L, 405689399L, 109082334L,
    -1472937448L, 552766843L, -1000454887L, -1094137432L, 661568854L,
    1312079313L, -1790397053L, 1307225106L, -1002076252L, 152764263L,
    1855110333L, 788274228L, -1094717542L, 1254714341L, -1508120705L,
    1893586694L, -831692656L, 738359603L, 447319761L, -719111040L,
    -144364194L, 883565225L, 1803300187L, -1553207446L, 1037936140L,
    -135532977L, -903765243L, 526250940L, -417298798L, -276478579L,
    -1929521721L, 445179566L, -1354576120L, 1677200651L, 1129163753L,
    1241828536L, -1367553178L, 1165074433L, -275288429L, 1095414082L,
    -28598540L, -403100937L, -2008884499L, 1287476612L, 1347214250L,
    947896597L, 1730481071L, 1299395510L, -1658320416L, -2126632669L,
    1499577921L, 1671770416L, -1470569650L, 1646954937L, -1963166773L,
    1048668282L, 249911676L, -1549940289L, -254761323L, 861404332L,
    1236805250L, 51113565L, 867701079L, -766493634L, 1181634680L,
    1422187355L, -1210980679L, 1227070216L, -1596886602L, -735760655L,
    -1037486168L, 1465355660L, -698486596L, 1848422770L, 1256844528L,
    1996795972L, -1556244136L, 1151786554L, 1385929584L, 1284642876L,
    -1636059372L, -1361437246L, 236933856L, 2144497532L, 673849040L,
    146198690L, 1271465000L, -1956936436L, -1954820164L, -1174998734L,
    353153472L, 132274740L, 1575760840L, -1470443334L, 1817266576L,
    -1922487828L, -1588028844L, 1927162002L, -995752160L,
    -1180585524L, 1711080928L, -415000894L, -431956952L, 772676268L,
    737055932L, 1981964786L, 281698608L, 54713508L, 1445580472L,
    -1367036582L, 1218497936L, 1807956860L, -699334380L, 1858720578L,
    -1944769792L, -811591748L, -1319336112L, 1865020194L, -32148152L,
    549061132L, -247375780L, -1886325550L, -1997725184L, 963499348L,
    -1169186328L, -1519219718L, 181391568L, 1759235372L, -165903628L,
    273133970L, -328661920L, -1038414580L, -99106080L, 377049442L,
    -648873304L, 1273487948L, 1786685820L, -1680483022L, -839368592L,
    76160836L, -1530735144L, 1489181818L, 1580060208L, 1384321724L,
    -1801988268L, 735228994L, 1049451936L, -930248004L, -1006235184L,
    -1370991262L, -1140834328L, -363659316L, -747395332L, 2092906994L,
    368554112L, -334865164L, 289422984L, -247648454L, 815168336L,
    -1022140820L, 1775679636L, 206973266L, -1698507040L, -503964980L,
    -1710673760L, -1889494142L, 756470504L, -552602900L, 1771703356L,
    1206282866L, -1044790160L, 1596931620L, 121666616L, -1929672678L,
    1038957264L, -1341797316L, 766444692L, 847993986L, -1186676800L,
    -1779224260L, 869718672L, 913744930L, -554843128L, -25491316L,
    -1137282020L, 2090725010L, 189203584L, -1537044460L, -652206808L,
    -2099745222L, 716197072L, 491406444L, 1084121780L, -915517422L,
    955029472L, -537880628L, 982646240L, -2053196254L, 502292776L,
    521722124L, -1936423364L, 1768648946L, -1063771408L, -1273969852L,
    1658245720L, -1005528518L, 1505427184L, 887940284L, 724719124L,
    1694775490L, 721598560L, 364451196L, -1345497904L, -1043833822L,
    -720805208L, 631510924L, -22842948L, -128240590L, -2002045120L,
    674535604L, 1950632776L, -870622534L, -637102320L, 1805426924L,
    245433428L, 317525778L, -1162011744L, -835588148L, -1699263648L,
    -1366634302L, 1249076776L, 1997129132L, -876175556L, -720464014L,
    -1107088592L, -93670876L, -149481416L, 1923851482L, -274175600L,
    -1015871748L, -577319020L, -630387902L, -928898560L, -1367008708L,
    -702923184L, 1917778594L, 2057214792L, -1356725748L, -803693348L,
    68864594L, 742926464L, 281807700L, 78518760L, -1713734918L,
    -487864496L, -1168540628L, 833258868L, -1483696494L, -1782617504L,
    -1383878004L, -1088058528L, 896914146L, -1855651672L,
    -1461571380L, -2017969668L, -563060814L, -58718736L, -1336998460L,
    1848651608L, -1098425478L, -1327393360L, 1326004668L,
    -1729079212L, 819129282L, -1138048224L, -189415492L, 1407134288L,
    43032034L, -1205448344L, -1672692404L, -1607116548L, -910888206L,
    -1219393792L, 1461724788L, 322394120L, -1019270726L, -1173010480L,
    272513516L, -2056347756L, 1299206866L, 2114477664L, 1485108556L,
    -592345824L, -498396542L, -811812376L, -1434605588L, 613000764L,
    -1522179847L, -404933234L, -1238620068L, -349566259L, 1943694903L,
    -1062808384L, -53630050L, -451094421L, 578058221L, -1638147494L,
    -1324450536L, 829672065L, 1728067635L, -676159916L, 1978137186L,
    -426685193L, 157103937L, 417445318L, -352524540L, 2147136181L,
    531000735L, -1970757128L, 1182117846L, 845146723L, 1202786853L,
    929511874L, -499892560L, -1936390439L, -93454261L, 1431330492L,
    1740639466L, 320117023L, -685684311L, -499388610L, 1208777260L,
    -565409667L, 168131271L, -2106489936L, 1960711630L, 1167697659L,
    2043403613L, -1582803318L, -1609714520L, -990547951L, -181706493L,
    470731780L, -1757199310L, -1852035961L, -557807407L, -546870698L,
    -1132203468L, 124385605L, -1433082993L, -343529720L, -340799194L,
    456716755L, 353262389L, -63972718L, -1724907936L, -278050871L,
    -505235717L, 2023315660L, -756264614L, -455189425L, -1090514663L,
    -2132743378L, 1455256892L, 1973154477L, -182710953L, -295605088L,
    -2058745346L, -1473801013L, 391676621L, -547365382L, -324424136L,
    -1656245279L, 630496403L, 304576180L, -139203646L, 1463734231L,
    -342237151L, 621029350L, -1902664988L, -1571555819L, 2120191551L,
    1252662744L, 298230774L, 2004622339L, 2111942469L, 1758792546L,
    2130547920L, -1102348295L, -646765781L, 204900508L, -1969404214L,
    288890815L, 1339722505L, 504505374L, 739945932L, -859568227L,
    -687418841L, -950419376L, 764365038L, 1468077467L, 1391959037L,
    446834410L, 145232264L, -1134969039L, -1170640989L, 860645284L,
    1894404690L, -1672263257L, -125428239L, 2132511030L, -1151254060L,
    -506697883L, 935679855L, 468023720L, -1734852858L, 1200450099L,
